04366849
00102498
06344120
00112155
00341829
03690065
05432915
06209386
05777693
07140891
03300821
SC226712
08717287
00533446
04653066
01789505
SC061143
07517072
00629687
05227012
03050645
00792712
03440053
00524868
01546623
04343841
07720972
00719885
03564138
07784342
00245717
03036214
SC272009
SE000102
03033654
01293529
01627889
00825828
03919249
05180783
03456891
05718406
04105025
05030838
01067991
00207426
05173588
07123187
03288689
00972618
01051137
